[app/ui]
version = 8.0.2.1
modtime = 1587403253.827319000

[app/launcher]
version = 8.0.2.1
modtime = 1587403253.829070000
